 0.000,0.845,1.018
 0.010,0.866,1.027
 0.020,0.888,1.035
 0.030,0.899,1.044
 0.040,0.899,1.053
 0.050,0.894,1.062
 0.060,0.867,1.071
 0.070,0.856,1.080
 0.080,0.861,1.088
 0.090,0.856,1.097
 0.100,0.839,1.105
 0.110,0.828,1.113
 0.120,0.822,1.122
 0.130,0.817,1.130
 0.140,0.811,1.138
 0.150,0.811,1.146
 0.160,0.817,1.154
 0.170,0.828,1.162
 0.180,0.834,1.171
 0.190,0.856,1.179
 0.200,0.830,1.188
 0.210,0.800,1.196
 0.220,0.794,1.204
 0.230,0.789,1.212
 0.240,0.769,1.219
 0.250,0.749,1.227
 0.260,0.739,1.234
 0.270,0.713,1.241
 0.280,0.693,1.248
 0.290,0.678,1.255
 0.300,0.657,1.262
 0.310,0.647,1.268
 0.320,0.642,1.274
 0.330,0.652,1.281
 0.340,0.657,1.287
 0.350,0.662,1.294
 0.360,0.662,1.301
 0.370,0.667,1.307
 0.380,0.672,1.314
 0.390,0.667,1.321
 0.400,0.662,1.327
 0.410,0.647,1.334
 0.420,0.616,1.340
 0.430,0.596,1.346
 0.440,0.565,1.352
 0.450,0.554,1.357
 0.460,0.534,1.363
 0.470,0.529,1.368
 0.480,0.529,1.373
 0.490,0.529,1.378
 0.500,0.534,1.384
 0.510,0.544,1.389
 0.520,0.549,1.395
 0.530,0.549,1.400
 0.540,0.549,1.406
 0.550,0.554,1.411
 0.560,0.560,1.417
 0.570,0.560,1.422
 0.580,0.560,1.428
 0.590,0.549,1.433
 0.600,0.549,1.439
 0.610,0.554,1.445
 0.620,0.539,1.450
 0.630,0.529,1.455
 0.640,0.524,1.460
 0.650,0.518,1.466
 0.660,0.508,1.471
 0.670,0.498,1.476
 0.680,0.488,1.481
 0.690,0.477,1.485
 0.700,0.472,1.490
 0.710,0.467,1.495
 0.720,0.467,1.499
 0.730,0.462,1.504
 0.740,0.456,1.509
 0.750,0.462,1.513
 0.760,0.467,1.518
 0.770,0.467,1.523
 0.780,0.467,1.527
 0.790,0.467,1.532
 0.800,0.467,1.537
 0.810,0.456,1.541
 0.820,0.456,1.546
 0.830,0.451,1.550
 0.840,0.446,1.555
 0.850,0.441,1.559
 0.860,0.436,1.563
 0.870,0.426,1.568
 0.880,0.415,1.572
 0.890,0.410,1.576
 0.900,0.394,1.580
 0.910,0.384,1.584
 0.920,0.384,1.588
 0.930,0.378,1.591
 0.940,0.368,1.595
 0.950,0.352,1.598
 0.960,0.342,1.602
 0.970,0.330,1.605
 0.980,0.330,1.609
 0.990,0.336,1.612
 1.000,0.352,1.615
 1.010,0.368,1.619
 1.020,0.378,1.623
 1.030,0.384,1.627
 1.040,0.389,1.631
 1.050,0.384,1.634
 1.060,0.368,1.638
 1.070,0.363,1.642
 1.080,0.347,1.645
 1.090,0.336,1.649
 1.100,0.320,1.652
 1.110,0.309,1.655
 1.120,0.304,1.658
 1.130,0.299,1.661
 1.140,0.299,1.664
 1.150,0.299,1.667
 1.160,0.304,1.670
 1.170,0.304,1.673
 1.180,0.304,1.676
 1.190,0.304,1.679
 1.200,0.304,1.682
 1.210,0.304,1.685
 1.220,0.304,1.688
 1.230,0.304,1.691
 1.240,0.299,1.694
 1.250,0.294,1.697
 1.260,0.299,1.700
 1.270,0.299,1.703
 1.280,0.294,1.706
 1.290,0.299,1.709
 1.300,0.294,1.712
 1.310,0.294,1.715
 1.320,0.294,1.718
 1.330,0.288,1.721
 1.340,0.283,1.724
 1.350,0.262,1.726
 1.360,0.257,1.729
 1.370,0.241,1.731
 1.380,0.231,1.733
 1.390,0.231,1.736
 1.400,0.236,1.738
 1.410,0.241,1.741
 1.420,0.246,1.743
 1.430,0.257,1.746
 1.440,0.262,1.748
 1.450,0.262,1.751
 1.460,0.262,1.753
 1.470,0.267,1.756
 1.480,0.262,1.759
 1.490,0.256,1.761
 1.500,0.251,1.764
 1.510,0.251,1.766
 1.520,0.246,1.769
 1.530,0.241,1.771
 1.540,0.231,1.773
 1.550,0.220,1.776
 1.560,0.210,1.778
 1.570,0.200,1.780
 1.580,0.190,1.782
 1.590,0.190,1.784
 1.600,0.180,1.785
 1.610,0.170,1.787
 1.620,0.161,1.789
 1.630,0.156,1.790
 1.640,0.156,1.792
 1.650,0.166,1.793
 1.660,0.180,1.795
 1.670,0.190,1.797
 1.680,0.205,1.799
 1.690,0.210,1.801
 1.700,0.220,1.804
 1.710,0.220,1.806
 1.720,0.220,1.808
 1.730,0.210,1.810
 1.740,0.200,1.812
 1.750,0.180,1.814
 1.760,0.170,1.816
 1.770,0.170,1.817
 1.780,0.161,1.819
 1.790,0.161,1.820
 1.800,0.161,1.822
 1.810,0.161,1.824
 1.820,0.166,1.825
 1.830,0.170,1.827
 1.840,0.170,1.829
 1.850,0.156,1.830
 1.860,0.141,1.832
 1.870,0.132,1.833
 1.880,0.122,1.834
 1.890,0.103,1.835
 1.900,0.094,1.836
 1.910,0.079,1.837
 1.920,0.055,1.838
 1.930,0.040,1.838
 1.940,0.010,1.838
 1.950,-0.022,1.838
 1.960,-0.057,1.837
 1.970,-0.100,1.836
 1.980,-0.143,1.835
 1.990,-0.199,1.833
 2.000,-0.256,1.830
 2.010,-0.320,1.827
 2.020,-0.383,1.823
 2.030,-0.435,1.819
 2.040,-0.479,1.814
 2.050,-0.530,1.809
 2.060,-0.563,1.803
 2.070,-0.597,1.797
 2.080,-0.620,1.791
 2.090,-0.648,1.785
 2.100,-0.659,1.778
 2.110,-0.687,1.771
 2.120,-0.704,1.764
 2.130,-0.715,1.757
 2.140,-0.737,1.750
 2.150,-0.754,1.742
 2.160,-0.765,1.734
 2.170,-0.776,1.727
 2.180,-0.781,1.719
 2.190,-0.793,1.711
 2.200,-0.803,1.703
 2.210,-0.820,1.695
 2.220,-0.836,1.686
 2.230,-0.863,1.678
 2.240,-0.880,1.669
 2.250,-0.890,1.660
 2.260,-0.918,1.651
 2.270,-0.929,1.641
 2.280,-0.940,1.632
 2.290,-0.962,1.622
 2.300,-0.968,1.613
 2.310,-0.968,1.603
 2.320,-0.968,1.593
 2.330,-0.962,1.584
 2.340,-0.946,1.574
 2.350,-0.929,1.565
 2.360,-0.918,1.556
 2.370,-0.912,1.547
 2.380,-0.896,1.538
 2.390,-0.890,1.529
 2.400,-0.902,1.520
 2.410,-0.912,1.511
 2.420,-0.912,1.502
 2.430,-0.918,1.492
 2.440,-0.929,1.483
 2.450,-0.934,1.474
 2.460,-0.946,1.464
 2.470,-0.974,1.455
 2.480,-0.980,1.445
 2.490,-0.980,1.435
 2.500,-0.985,1.425
 2.510,-0.997,1.415
 2.520,-1.008,1.405
 2.530,-1.014,1.395
 2.540,-1.014,1.385
 2.550,-1.014,1.375
 2.560,-0.997,1.365
 2.570,-0.980,1.355
 2.580,-0.968,1.345
 2.590,-0.962,1.336
 2.600,-0.951,1.326
 2.610,-0.940,1.317
 2.620,-0.934,1.307
 2.630,-0.940,1.298
 2.640,-0.946,1.288
 2.650,-0.957,1.279
 2.660,-0.962,1.269
 2.670,-0.968,1.260
 2.680,-0.968,1.250
 2.690,-0.974,1.240
 2.700,-0.980,1.230
 2.710,-0.980,1.221
 2.720,-0.974,1.211
 2.730,-0.980,1.201
 2.740,-0.980,1.191
 2.750,-0.980,1.181
 2.760,-0.980,1.172
 2.770,-0.974,1.162
 2.780,-0.957,1.152
 2.790,-0.951,1.143
 2.800,-0.940,1.133
 2.810,-0.934,1.124
 2.820,-0.934,1.115
 2.830,-0.923,1.106
 2.840,-0.923,1.096
 2.850,-0.923,1.087
 2.860,-0.923,1.078
 2.870,-0.929,1.069
 2.880,-0.940,1.059
 2.890,-0.940,1.050
 2.900,-0.946,1.040
 2.910,-0.946,1.031
 2.920,-0.957,1.021
 2.930,-0.957,1.012
 2.940,-0.951,1.002
 2.950,-0.929,0.993
 2.960,-0.923,0.984
 2.970,-0.912,0.975
 2.980,-0.896,0.966
 2.990,-0.890,0.957
 3.000,-0.863,0.948
 3.010,-0.836,0.940
 3.020,-0.798,0.932
 3.030,-0.771,0.924
 3.040,-0.737,0.917
 3.050,-0.715,0.909
 3.060,-0.698,0.903
 3.070,-0.698,0.896
 3.080,-0.710,0.888
 3.090,-0.726,0.881
 3.100,-0.754,0.874
 3.110,-0.776,0.866
 3.120,-0.787,0.858
 3.130,-0.798,0.850
 3.140,-0.798,0.842
 3.150,-0.787,0.834
 3.160,-0.771,0.826
 3.170,-0.748,0.819
 3.180,-0.721,0.812
 3.190,-0.698,0.805
 3.200,-0.676,0.798
 3.210,-0.676,0.791
 3.220,-0.670,0.785
 3.230,-0.659,0.778
 3.240,-0.642,0.772
 3.250,-0.620,0.765
 3.260,-0.603,0.759
 3.270,-0.586,0.753
 3.280,-0.569,0.748
 3.290,-0.541,0.742
 3.300,-0.530,0.737
 3.310,-0.507,0.732
 3.320,-0.496,0.727
 3.330,-0.496,0.722
 3.340,-0.507,0.717
 3.350,-0.524,0.712
 3.360,-0.530,0.706
 3.370,-0.535,0.701
 3.380,-0.535,0.696
 3.390,-0.530,0.690
 3.400,-0.530,0.685
 3.410,-0.530,0.680
 3.420,-0.524,0.675
 3.430,-0.519,0.669
 3.440,-0.496,0.664
 3.450,-0.479,0.660
 3.460,-0.463,0.655
 3.470,-0.457,0.650
 3.480,-0.434,0.646
 3.490,-0.412,0.642
 3.500,-0.383,0.638
 3.510,-0.355,0.635
 3.520,-0.325,0.631
 3.530,-0.302,0.628
 3.540,-0.273,0.626
 3.550,-0.262,0.623
 3.560,-0.244,0.621
 3.570,-0.227,0.618
 3.580,-0.216,0.616
 3.590,-0.210,0.614
 3.600,-0.216,0.612
 3.610,-0.222,0.610
 3.620,-0.222,0.607
 3.630,-0.216,0.605
 3.640,-0.194,0.603
 3.650,-0.154,0.602
 3.660,-0.116,0.601
 3.670,-0.073,0.600
 3.680,-0.033,0.600
 3.690,0.000,0.600
 3.700,0.033,0.600
 3.710,0.081,0.601
 3.720,0.133,0.602
 3.730,0.181,0.604
 3.740,0.224,0.606
 3.750,0.263,0.609
 3.760,0.280,0.612
 3.770,0.274,0.614
 3.780,0.252,0.617
 3.790,0.235,0.619
 3.800,0.224,0.621
 3.810,0.213,0.624
 3.820,0.207,0.626
 3.830,0.207,0.628
 3.840,0.207,0.630
 3.850,0.218,0.632
 3.860,0.229,0.634
 3.870,0.257,0.637
 3.880,0.291,0.640
 3.890,0.309,0.643
 3.900,0.309,0.646
 3.910,0.309,0.649
 3.920,0.309,0.652
 3.930,0.320,0.655
 3.940,0.337,0.659
 3.950,0.367,0.662
 3.960,0.396,0.666
 3.970,0.419,0.670
 3.980,0.442,0.675
 3.990,0.470,0.680
 4.000,0.504,0.685
 4.010,0.532,0.690
 4.020,0.554,0.695
 4.030,0.577,0.701
 4.040,0.599,0.707
 4.050,0.616,0.713
 4.060,0.638,0.720
 4.070,0.655,0.726
 4.080,0.677,0.733
 4.090,0.683,0.740
 4.100,0.694,0.747
 4.110,0.705,0.754
 4.120,0.711,0.761
 4.130,0.705,0.768
 4.140,0.682,0.775
 4.150,0.678,0.782
 4.160,0.688,0.789
 4.170,0.698,0.795
 4.180,0.708,0.803
 4.190,0.729,0.810
 4.200,0.734,0.817
 4.210,0.744,0.825
 4.220,0.744,0.832
 4.230,0.744,0.840
 4.240,0.754,0.847
 4.250,0.754,0.855
 4.260,0.754,0.862
 4.270,0.754,0.870
 4.280,0.744,0.877
 4.290,0.744,0.885
 4.300,0.734,0.892
 4.310,0.729,0.899
 4.320,0.713,0.906
 4.330,0.713,0.913
 4.340,0.713,0.921
 4.350,0.713,0.928
 4.360,0.713,0.935
 4.370,0.708,0.942
 4.380,0.708,0.949
 4.390,0.713,0.956
 4.400,0.718,0.963
 4.410,0.729,0.971
 4.420,0.734,0.978
 4.430,0.729,0.985
 4.440,0.718,0.992
 4.450,0.718,1.000
 4.460,0.708,1.007
 4.470,0.703,1.014
 4.480,0.698,1.021
 4.490,0.683,1.028
 4.500,0.662,1.034
 4.510,0.652,1.041
 4.520,0.637,1.047
 4.530,0.631,1.053
 4.540,0.637,1.060
 4.550,0.631,1.066
 4.560,0.631,1.072
 4.570,0.637,1.079
 4.580,0.647,1.085
 4.590,0.652,1.092
 4.600,0.652,1.098
 4.610,0.652,1.105
 4.620,0.647,1.111
 4.630,0.652,1.118
 4.640,0.657,1.124
 4.650,0.662,1.131
 4.660,0.667,1.138
 4.670,0.667,1.144
 4.680,0.667,1.151
 4.690,0.672,1.158
 4.700,0.672,1.164
 4.710,0.678,1.171
 4.720,0.672,1.178
 4.730,0.672,1.185
 4.740,0.657,1.191
 4.750,0.652,1.198
 4.760,0.642,1.204
 4.770,0.637,1.210
 4.780,0.637,1.217
 4.790,0.631,1.223
 4.800,0.631,1.229
 4.810,0.637,1.236
 4.820,0.637,1.242
 4.830,0.637,1.249
 4.840,0.642,1.255
 4.850,0.642,1.261
 4.860,0.642,1.268
 4.870,0.642,1.274
 4.880,0.642,1.281
 4.890,0.647,1.287
 4.900,0.647,1.294
 4.910,0.642,1.300
 4.920,0.637,1.306
 4.930,0.642,1.313
 4.940,0.637,1.319
 4.950,0.637,1.326
 4.960,0.631,1.332
 4.970,0.621,1.338
 4.980,0.621,1.344
 4.990,0.626,1.351
 5.000,0.621,1.357
 5.010,0.611,1.363
 5.020,0.596,1.369
 5.030,0.590,1.375
 5.040,0.575,1.380
 5.050,0.575,1.386
 5.060,0.565,1.392
 5.070,0.549,1.397
 5.080,0.529,1.403
 5.090,0.518,1.408
 5.100,0.513,1.413
 5.110,0.524,1.418
 5.120,0.534,1.424
 5.130,0.544,1.429
 5.140,0.560,1.435
 5.150,0.565,1.440
 5.160,0.565,1.446
 5.170,0.560,1.451
 5.180,0.554,1.457
 5.190,0.544,1.462
 5.200,0.524,1.468
 5.210,0.503,1.473
 5.220,0.493,1.478
 5.230,0.482,1.482
 5.240,0.462,1.487
 5.250,0.451,1.492
 5.260,0.436,1.496
 5.270,0.441,1.500
 5.280,0.441,1.505
 5.290,0.446,1.509
 5.300,0.441,1.514
 5.310,0.431,1.518
 5.320,0.431,1.522
 5.330,0.431,1.527
 5.340,0.420,1.531
 5.350,0.410,1.535
 5.360,0.399,1.539
 5.370,0.389,1.543
 5.380,0.389,1.547
 5.390,0.394,1.551
 5.400,0.394,1.555
 5.410,0.394,1.558
 5.420,0.394,1.562
 5.430,0.394,1.566
 5.440,0.389,1.570
 5.450,0.383,1.574
 5.460,0.378,1.578
 5.470,0.378,1.582
 5.480,0.383,1.585
 5.490,0.378,1.589
 5.500,0.368,1.593
 5.510,0.362,1.597
 5.520,0.357,1.600
 5.530,0.352,1.604
 5.540,0.347,1.607
 5.550,0.325,1.610
 5.560,0.325,1.614
 5.570,0.310,1.617
 5.580,0.304,1.620
 5.590,0.304,1.623
 5.600,0.309,1.626
 5.610,0.320,1.629
 5.620,0.325,1.632
 5.630,0.325,1.636
 5.640,0.325,1.639
 5.650,0.320,1.642
 5.660,0.315,1.645
 5.670,0.315,1.648
 5.680,0.315,1.652
 5.690,0.315,1.655
 5.700,0.304,1.658
 5.710,0.294,1.661
 5.720,0.294,1.664
 5.730,0.283,1.666
 5.740,0.278,1.669
 5.750,0.262,1.672
 5.760,0.257,1.674
 5.770,0.251,1.677
 5.780,0.246,1.679
 5.790,0.236,1.682
 5.800,0.231,1.684
 5.810,0.215,1.686
 5.820,0.205,1.688
 5.830,0.205,1.690
 5.840,0.220,1.692
 5.850,0.236,1.695
 5.860,0.251,1.697
 5.870,0.267,1.700
 5.880,0.278,1.703
 5.890,0.283,1.706
 5.900,0.283,1.708
 5.910,0.267,1.711
 5.920,0.257,1.714
 5.930,0.246,1.716
 5.940,0.231,1.718
 5.950,0.215,1.721
 5.960,0.205,1.723
 5.970,0.185,1.725
 5.980,0.175,1.726
 5.990,0.156,1.728
 6.000,0.151,1.729
 6.010,0.136,1.731
 6.020,0.127,1.732
 6.030,0.108,1.733
 6.040,0.084,1.734
 6.050,0.046,1.734
 6.060,0.000,1.734
 6.070,-0.042,1.734
 6.080,-0.084,1.733
 6.090,-0.138,1.732
 6.100,-0.182,1.730
 6.110,-0.222,1.728
 6.120,-0.256,1.725
 6.130,-0.302,1.722
 6.140,-0.337,1.719
 6.150,-0.366,1.715
 6.160,-0.395,1.711
 6.170,-0.429,1.707
 6.180,-0.451,1.702
 6.190,-0.485,1.697
 6.200,-0.513,1.692
 6.210,-0.547,1.687
 6.220,-0.580,1.681
 6.230,-0.614,1.675
 6.240,-0.648,1.668
 6.250,-0.670,1.662
 6.260,-0.698,1.655
 6.270,-0.726,1.647
 6.280,-0.754,1.640
 6.290,-0.782,1.632
 6.300,-0.809,1.624
 6.310,-0.825,1.616
 6.320,-0.831,1.607
 6.330,-0.842,1.599
 6.340,-0.852,1.591
 6.350,-0.858,1.582
 6.360,-0.858,1.573
 6.370,-0.858,1.565
 6.380,-0.863,1.556
 6.390,-0.869,1.548
 6.400,-0.869,1.539
 6.410,-0.869,1.530
 6.420,-0.858,1.522
 6.430,-0.858,1.513
 6.440,-0.863,1.504
 6.450,-0.863,1.496
 6.460,-0.858,1.487
 6.470,-0.863,1.478
 6.480,-0.874,1.470
 6.490,-0.896,1.461
 6.500,-0.907,1.452
 6.510,-0.918,1.443
 6.520,-0.929,1.433
 6.530,-0.946,1.424
 6.540,-0.962,1.414
 6.550,-0.974,1.404
 6.560,-0.980,1.395
 6.570,-0.968,1.385
 6.580,-0.951,1.375
 6.590,-0.934,1.366
 6.600,-0.918,1.357
 6.610,-0.907,1.348
 6.620,-0.902,1.339
 6.630,-0.896,1.330
 6.640,-0.902,1.321
 6.650,-0.912,1.312
 6.660,-0.929,1.302
 6.670,-0.934,1.293
 6.680,-0.934,1.284
 6.690,-0.940,1.274
 6.700,-0.940,1.265
 6.710,-0.940,1.256
 6.720,-0.940,1.246
 6.730,-0.940,1.237
 6.740,-0.934,1.227
 6.750,-0.929,1.218
 6.760,-0.912,1.209
 6.770,-0.912,1.200
 6.780,-0.896,1.191
 6.790,-0.885,1.182
 6.800,-0.874,1.173
 6.810,-0.863,1.165
 6.820,-0.847,1.156
 6.830,-0.836,1.148
 6.840,-0.831,1.140
 6.850,-0.836,1.131
 6.860,-0.836,1.123
 6.870,-0.831,1.115
 6.880,-0.842,1.106
 6.890,-0.847,1.098
 6.900,-0.858,1.089
 6.910,-0.863,1.080
 6.920,-0.863,1.072
 6.930,-0.858,1.063
 6.940,-0.842,1.055
 6.950,-0.842,1.046
 6.960,-0.842,1.038
 6.970,-0.842,1.030
 6.980,-0.836,1.021
 6.990,-0.836,1.013
 7.000,-0.836,1.005
 7.010,-0.831,0.996
 7.020,-0.820,0.988
 7.030,-0.809,0.980
 7.040,-0.798,0.972
 7.050,-0.787,0.964
 7.060,-0.782,0.956
 7.070,-0.776,0.948
 7.080,-0.776,0.941
 7.090,-0.776,0.933
 7.100,-0.770,0.925
 7.110,-0.770,0.918
 7.120,-0.776,0.910
 7.130,-0.776,0.902
 7.140,-0.765,0.894
 7.150,-0.759,0.887
 7.160,-0.748,0.879
 7.170,-0.748,0.872
 7.180,-0.743,0.864
 7.190,-0.743,0.857
 7.200,-0.743,0.850
 7.210,-0.748,0.842
 7.220,-0.754,0.835
 7.230,-0.759,0.827
 7.240,-0.759,0.819
 7.250,-0.754,0.812
 7.260,-0.748,0.804
 7.270,-0.748,0.797
 7.280,-0.743,0.789
 7.290,-0.726,0.782
 7.300,-0.704,0.775
 7.310,-0.687,0.768
 7.320,-0.654,0.762
 7.330,-0.625,0.755
 7.340,-0.597,0.749
 7.350,-0.575,0.744
 7.360,-0.569,0.738
 7.370,-0.580,0.732
 7.380,-0.586,0.726
 7.390,-0.597,0.720
 7.400,-0.597,0.714
 7.410,-0.603,0.708
 7.420,-0.597,0.702
 7.430,-0.586,0.697
 7.440,-0.580,0.691
 7.450,-0.575,0.685
 7.460,-0.563,0.679
 7.470,-0.547,0.674
 7.480,-0.524,0.669
 7.490,-0.507,0.664
 7.500,-0.491,0.659
 7.510,-0.485,0.654
 7.520,-0.479,0.649
 7.530,-0.468,0.644
 7.540,-0.446,0.640
 7.550,-0.440,0.635
 7.560,-0.429,0.631
 7.570,-0.412,0.627
 7.580,-0.400,0.623
 7.590,-0.383,0.619
 7.600,-0.372,0.616
 7.610,-0.342,0.612
 7.620,-0.325,0.609
 7.630,-0.296,0.606
 7.640,-0.262,0.603
 7.650,-0.239,0.601
 7.660,-0.210,0.599
 7.670,-0.171,0.597
 7.680,-0.127,0.596
 7.690,-0.084,0.595
 7.700,-0.051,0.594
 7.710,-0.022,0.594
 7.720,0.011,0.594
 7.730,0.050,0.595
 7.740,0.076,0.596
 7.750,0.097,0.597
 7.760,0.118,0.598
 7.770,0.128,0.599
 7.780,0.149,0.601
 7.790,0.165,0.602
 7.800,0.181,0.604
 7.810,0.202,0.606
 7.820,0.218,0.608
 7.830,0.246,0.611
 7.840,0.257,0.613
 7.850,0.274,0.616
 7.860,0.286,0.619
 7.870,0.291,0.622
 7.880,0.303,0.625
 7.890,0.309,0.628
 7.900,0.314,0.631
 7.910,0.326,0.634
 7.920,0.326,0.638
 7.930,0.326,0.641
 7.940,0.326,0.644
 7.950,0.343,0.647
 7.960,0.360,0.651
 7.970,0.390,0.655
 7.980,0.413,0.659
 7.990,0.453,0.664
 8.000,0.481,0.668
 8.010,0.515,0.674
 8.020,0.543,0.679
 8.030,0.588,0.685
 8.040,0.616,0.691
 8.050,0.655,0.698
 8.060,0.694,0.705
 8.070,0.733,0.712
 8.080,0.761,0.719
 8.090,0.772,0.727
 8.100,0.784,0.735
 8.110,0.789,0.743
 8.120,0.800,0.751
 8.130,0.800,0.759
 8.140,0.800,0.767
 8.150,0.734,0.774
 8.160,0.734,0.782
 8.170,0.734,0.789
 8.180,0.744,0.796
 8.190,0.749,0.804
 8.200,0.759,0.811
 8.210,0.764,0.819
 8.220,0.764,0.827
 8.230,0.769,0.834
 8.240,0.774,0.842
 8.250,0.774,0.850
 8.260,0.774,0.858
 8.270,0.785,0.866
 8.280,0.785,0.873
 8.290,0.789,0.881
 8.300,0.805,0.889
 8.310,0.805,0.897
 8.320,0.810,0.905
 8.330,0.800,0.913
 8.340,0.785,0.921
 8.350,0.774,0.929
 8.360,0.774,0.937
 8.370,0.774,0.945
 8.380,0.774,0.952
 8.390,0.785,0.960
 8.400,0.789,0.968
 8.410,0.804,0.976
 8.420,0.815,0.984
 8.430,0.825,0.992
 8.440,0.840,1.001
 8.450,0.845,1.009
 8.460,0.845,1.018
 8.470,0.845,1.026
 8.480,0.840,1.035
 8.490,0.830,1.043
 8.500,0.820,1.051
 8.510,0.815,1.059
 8.520,0.815,1.067
 8.530,0.805,1.075
 8.540,0.794,1.083
 8.550,0.794,1.091
 8.560,0.794,1.099
 8.570,0.805,1.107
 8.580,0.810,1.115
 8.590,0.820,1.124
 8.600,0.830,1.132
 8.610,0.830,1.140
 8.620,0.825,1.148
 8.630,0.815,1.157
 8.640,0.800,1.165
 8.650,0.800,1.173
 8.660,0.789,1.180
 8.670,0.764,1.188
 8.680,0.759,1.196
 8.690,0.759,1.203
 8.700,0.759,1.211
 8.710,0.759,1.218
 8.720,0.754,1.226
 8.730,0.749,1.234
 8.740,0.739,1.241
 8.750,0.749,1.248
 8.760,0.759,1.256
 8.770,0.774,1.264
 8.780,0.779,1.272
 8.790,0.779,1.279
 8.800,0.759,1.287
 8.810,0.744,1.294
 8.820,0.739,1.302
 8.830,0.724,1.309
 8.840,0.708,1.316
 8.850,0.698,1.323
 8.860,0.688,1.330
 8.870,0.678,1.337
 8.880,0.678,1.343
 8.890,0.683,1.350
 8.900,0.688,1.357
 8.910,0.688,1.364
 8.920,0.688,1.371
 8.930,0.693,1.378
 8.940,0.688,1.385
 8.950,0.678,1.392
 8.960,0.672,1.398
 8.970,0.657,1.405
 8.980,0.647,1.411
 8.990,0.642,1.418
 9.000,0.626,1.424
 9.010,0.616,1.430
 9.020,0.616,1.436
 9.030,0.621,1.442
 9.040,0.626,1.449
 9.050,0.626,1.455
 9.060,0.621,1.461
 9.070,0.621,1.467
 9.080,0.611,1.474
 9.090,0.596,1.479
 9.100,0.575,1.485
 9.110,0.565,1.491
 9.120,0.554,1.496
 9.130,0.549,1.502
 9.140,0.539,1.507
 9.150,0.534,1.513
 9.160,0.534,1.518
 9.170,0.524,1.523
 9.180,0.518,1.528
 9.190,0.513,1.534
 9.200,0.508,1.539
 9.210,0.503,1.544
 9.220,0.503,1.549
 9.230,0.503,1.554
 9.240,0.508,1.559
 9.250,0.503,1.564
 9.260,0.503,1.569
 9.270,0.493,1.574
 9.280,0.493,1.579
 9.290,0.477,1.583
 9.300,0.462,1.588
 9.310,0.451,1.593
 9.320,0.441,1.597
 9.330,0.436,1.601
 9.340,0.431,1.606
 9.350,0.426,1.610
 9.360,0.415,1.614
 9.370,0.405,1.618
 9.380,0.399,1.622
 9.390,0.399,1.626
 9.400,0.399,1.630
 9.410,0.399,1.634
 9.420,0.399,1.638
 9.430,0.404,1.642
 9.440,0.399,1.646
 9.450,0.399,1.650
 9.460,0.389,1.654
 9.470,0.394,1.658
 9.480,0.399,1.662
 9.490,0.420,1.666
 9.500,0.441,1.671
 9.510,0.451,1.675
 9.520,0.451,1.680
 9.530,0.457,1.684
 9.540,0.451,1.689
 9.550,0.446,1.693
 9.560,0.436,1.698
 9.570,0.426,1.702
 9.580,0.410,1.706
 9.590,0.399,1.710
 9.600,0.384,1.714
 9.610,0.362,1.717
 9.620,0.352,1.721
 9.630,0.336,1.724
 9.640,0.325,1.727
 9.650,0.320,1.731
 9.660,0.304,1.734
 9.670,0.288,1.737
 9.680,0.278,1.739
 9.690,0.267,1.742
 9.700,0.257,1.745
 9.710,0.246,1.747
 9.720,0.231,1.749
 9.730,0.190,1.751
 9.740,0.146,1.753
 9.750,0.079,1.754
 9.760,-0.016,1.753
 9.770,-0.127,1.752
 9.780,-0.261,1.749
 9.790,-0.412,1.745
 9.800,-0.558,1.740
 9.810,-0.704,1.733
 9.820,-0.847,1.724
 9.830,-1.003,1.714
 9.840,-1.176,1.702
 9.850,-1.368,1.689
 9.860,-1.562,1.673
 9.870,-1.734,1.656
 9.880,-1.929,1.637
 9.890,-2.156,1.615
 9.900,-2.434,1.591
 9.910,-2.739,1.563
 9.920,-3.090,1.532
 9.930,-3.449,1.498
 9.940,-3.801,1.460
 9.950,-4.220,1.418
 9.960,-4.582,1.372
 9.970,-4.844,1.323
 9.980,-5.126,1.272
 9.990,-5.440,1.218
10.000,-5.717,1.161
10.010,-5.991,1.101
10.020,-6.225,1.038
10.030,-6.488,0.974
10.040,-6.652,0.907
10.050,-6.806,0.839
10.060,-6.962,0.769
10.070,-7.054,0.699
10.080,-7.070,0.628
10.090,-7.111,0.557
10.100,-7.199,0.485
10.110,-7.263,0.412
10.120,-7.281,0.340
10.130,-7.358,0.266
10.140,-7.437,0.192
10.150,-7.536,0.116
10.160,-7.682,0.039
10.170,-7.721,-0.038
10.180,-7.772,-0.116
10.190,-7.816,-0.194
10.200,-7.833,-0.272
10.210,-7.928,-0.351
10.220,-8.044,-0.432
10.230,-8.169,-0.513
10.240,-8.221,-0.596
10.250,-8.101,-0.677
10.260,-7.942,-0.756
10.270,-7.820,-0.834
10.280,-7.677,-0.911
10.290,-7.477,-0.986
10.300,-7.445,-1.060
10.310,-7.349,-1.134
10.320,-7.167,-1.205
10.330,-7.109,-1.277
10.340,-7.075,-1.347
10.350,-6.961,-1.417
10.360,-6.830,-1.485
10.370,-6.626,-1.551
10.380,-6.471,-1.616
10.390,-6.278,-1.679
10.400,-6.146,-1.740
10.410,-6.024,-1.801
10.420,-5.895,-1.860
10.430,-5.721,-1.917
10.440,-5.538,-1.972
10.450,-5.366,-2.026
10.460,-5.192,-2.078
10.470,-5.087,-2.129
10.480,-4.943,-2.178
10.490,-4.785,-2.226
10.500,-4.552,-2.271
10.510,-4.258,-2.314
10.520,-3.947,-2.353
10.530,-3.659,-2.390
10.540,-3.338,-2.423
10.550,-2.997,-2.453
10.560,-2.629,-2.480
10.570,-2.261,-2.502
10.580,-1.911,-2.521
10.590,-1.556,-2.537
10.600,-1.226,-2.549
10.610,-0.897,-2.558
10.620,-0.592,-2.564
10.630,-0.389,-2.568
10.640,-0.308,-2.571
10.650,-0.314,-2.574
10.660,-0.349,-2.578
10.670,-0.366,-2.581
10.680,-0.366,-2.585
10.690,-0.389,-2.589
10.700,-0.395,-2.593
10.710,-0.337,-2.596
10.720,-0.250,-2.599
10.730,-0.216,-2.601
10.740,-0.233,-2.603
10.750,-0.296,-2.606
10.760,-0.342,-2.610
10.770,-0.331,-2.613
10.780,-0.222,-2.615
10.790,-0.047,-2.616
10.800,0.155,-2.614
10.810,0.269,-2.611
10.820,0.258,-2.609
10.830,0.155,-2.607
10.840,0.033,-2.607
10.850,-0.089,-2.608
10.860,-0.194,-2.610
10.870,-0.227,-2.612
10.880,-0.222,-2.614
10.890,-0.233,-2.617
10.900,-0.239,-2.619
10.910,-0.233,-2.621
10.920,-0.165,-2.623
10.930,-0.089,-2.624
10.940,-0.016,-2.624
10.950,0.049,-2.623
10.960,0.139,-2.622
10.970,0.229,-2.620
10.980,0.297,-2.617
10.990,0.309,-2.614
11.000,0.332,-2.610
11.010,0.520,-2.605
11.020,0.999,-2.595
11.030,1.748,-2.578
11.040,2.677,-2.551
11.050,3.784,-2.513
11.060,5.265,-2.461
11.070,6.511,-2.395
11.080,8.335,-2.312
11.090,10.203,-2.210
11.100,11.544,-2.095
11.110,11.966,-1.975
11.120,12.167,-1.853
11.130,12.131,-1.732
11.140,11.233,-1.620
11.150,9.853,-1.521
11.160,9.287,-1.428
11.170,9.270,-1.335
11.180,8.815,-1.247
11.190,8.075,-1.167
11.200,7.497,-1.092
11.210,7.020,-1.021
11.220,6.545,-0.956
11.230,6.094,-0.895
11.240,5.771,-0.837
11.250,5.568,-0.782
11.260,5.636,-0.725
11.270,5.617,-0.669
11.280,5.330,-0.616
11.290,5.142,-0.564
11.300,5.155,-0.513
11.310,5.047,-0.462
11.320,4.759,-0.415
11.330,4.720,-0.368
11.340,4.585,-0.322
11.350,4.339,-0.278
11.360,4.227,-0.236
11.370,4.167,-0.194
11.380,4.104,-0.153
11.390,3.987,-0.114
11.400,3.819,-0.075
11.410,3.702,-0.038
11.420,3.638,-0.002
11.430,3.569,0.034
11.440,3.467,0.068
11.450,3.338,0.102
11.460,3.288,0.135
11.470,3.220,0.167
11.480,3.150,0.198
11.490,3.080,0.229
11.500,2.977,0.259
11.510,2.904,0.288
11.520,2.865,0.317
11.530,2.822,0.345
11.540,2.718,0.372
11.550,2.612,0.398
11.560,2.560,0.424
11.570,2.509,0.449
11.580,2.474,0.474
11.590,2.436,0.498
11.600,2.368,0.522
11.610,2.341,0.545
11.620,2.385,0.569
11.630,2.427,0.593
11.640,2.455,0.618
11.650,2.483,0.643
11.660,2.474,0.667
11.670,2.408,0.691
11.680,2.330,0.715
11.690,2.313,0.738
11.700,2.302,0.761
11.710,2.276,0.784
11.720,2.242,0.806
11.730,2.182,0.828
11.740,2.095,0.849
11.750,2.068,0.869
11.760,2.043,0.890
11.770,2.024,0.910
11.780,1.973,0.930
11.790,1.913,0.949
11.800,1.850,0.967
11.810,1.782,0.985
11.820,1.735,1.003
11.830,1.677,1.019
11.840,1.642,1.036
11.850,1.629,1.052
11.860,1.616,1.068
11.870,1.590,1.084
11.880,1.548,1.100
11.890,1.507,1.115
11.900,1.491,1.130
11.910,1.476,1.144
11.920,1.433,1.159
11.930,1.392,1.173
11.940,1.361,1.186
11.950,1.321,1.199
11.960,1.276,1.212
11.970,1.256,1.225
11.980,1.237,1.237
11.990,1.222,1.249
12.000,1.214,1.262
12.010,1.195,1.273
12.020,1.186,1.285
12.030,1.177,1.297
12.040,1.172,1.309
12.050,1.186,1.321
12.060,1.177,1.332
12.070,1.158,1.344
12.080,1.127,1.355
12.090,1.104,1.366
12.100,1.091,1.377
12.110,1.081,1.388
12.120,1.072,1.399
12.130,1.058,1.409
12.140,1.038,1.420
12.150,1.009,1.430
12.160,0.978,1.440
12.170,0.958,1.449
12.180,0.947,1.459
12.190,0.937,1.468
12.200,0.932,1.477
12.210,0.952,1.487
12.220,0.973,1.497
12.230,0.983,1.506
12.240,0.983,1.516
12.250,0.968,1.526
12.260,0.947,1.535
12.270,0.932,1.545
12.280,0.932,1.554
12.290,0.942,1.563
12.300,0.942,1.573
12.310,0.942,1.582
12.320,0.921,1.592
12.330,0.896,1.600
12.340,0.880,1.609
12.350,0.865,1.618
12.360,0.855,1.626
12.370,0.840,1.635
12.380,0.825,1.643
12.390,0.800,1.651
12.400,0.779,1.659
12.410,0.764,1.667
12.420,0.749,1.674
12.430,0.749,1.682
12.440,0.749,1.689
12.450,0.744,1.696
12.460,0.739,1.704
12.470,0.739,1.711
12.480,0.724,1.718
12.490,0.718,1.726
12.500,0.703,1.733
12.510,0.698,1.740
12.520,0.698,1.747
12.530,0.708,1.754
12.540,0.708,1.761
12.550,0.703,1.768
12.560,0.693,1.775
12.570,0.672,1.782
12.580,0.647,1.788
12.590,0.642,1.794
12.600,0.647,1.801
12.610,0.652,1.807
12.620,0.652,1.814
12.630,0.642,1.820
12.640,0.637,1.827
12.650,0.611,1.833
12.660,0.590,1.839
12.670,0.570,1.844
12.680,0.560,1.850
12.690,0.554,1.856
12.700,0.560,1.861
12.710,0.570,1.867
12.720,0.585,1.873
12.730,0.580,1.878
12.740,0.575,1.884
12.750,0.560,1.890
12.760,0.544,1.895
12.770,0.529,1.901
12.780,0.518,1.906
12.790,0.518,1.911
12.800,0.529,1.916
12.810,0.534,1.922
12.820,0.529,1.927
12.830,0.518,1.932
12.840,0.508,1.937
12.850,0.498,1.942
12.860,0.493,1.947
12.870,0.477,1.952
12.880,0.467,1.956
12.890,0.456,1.961
12.900,0.472,1.966
12.910,0.482,1.971
12.920,0.503,1.976
12.930,0.508,1.981
12.940,0.508,1.986
12.950,0.498,1.991
12.960,0.503,1.996
12.970,0.503,2.001
12.980,0.498,2.006
12.990,0.498,2.011
13.000,0.482,2.016
13.010,0.451,2.020
13.020,0.426,2.024
13.030,0.426,2.029
13.040,0.431,2.033
13.050,0.441,2.037
13.060,0.451,2.042
13.070,0.456,2.046
13.080,0.446,2.051
13.090,0.446,2.055
13.100,0.436,2.060
13.110,0.410,2.064
13.120,0.405,2.068
13.130,0.405,2.072
13.140,0.410,2.076
13.150,0.415,2.080
13.160,0.415,2.084
13.170,0.415,2.088
13.180,0.415,2.093
13.190,0.420,2.097
13.200,0.415,2.101
13.210,0.415,2.105
13.220,0.410,2.109
13.230,0.405,2.113
13.240,0.405,2.117
13.250,0.378,2.121
13.260,0.373,2.125
13.270,0.368,2.128
13.280,0.368,2.132
13.290,0.373,2.136
13.300,0.373,2.140
13.310,0.373,2.143
13.320,0.368,2.147
13.330,0.352,2.151
13.340,0.347,2.154
13.350,0.330,2.157
13.360,0.320,2.160
13.370,0.325,2.164
13.380,0.336,2.167
13.390,0.336,2.170
13.400,0.325,2.174
13.410,0.325,2.177
13.420,0.325,2.180
13.430,0.320,2.183
13.440,0.304,2.186
13.450,0.309,2.190
13.460,0.315,2.193
13.470,0.315,2.196
13.480,0.315,2.199
13.490,0.309,2.202
13.500,0.288,2.205
13.510,0.272,2.208
13.520,0.278,2.210
13.530,0.278,2.213
13.540,0.288,2.216
13.550,0.294,2.219
13.560,0.294,2.222
13.570,0.294,2.225
13.580,0.294,2.228
13.590,0.294,2.231
13.600,0.304,2.234
13.610,0.304,2.237
13.620,0.294,2.240
13.630,0.294,2.243
13.640,0.294,2.246
13.650,0.289,2.249
13.660,0.283,2.251
13.670,0.278,2.254
13.680,0.272,2.257
13.690,0.272,2.260
13.700,0.257,2.262
13.710,0.241,2.265
13.720,0.251,2.267
13.730,0.262,2.270
13.740,0.272,2.272
13.750,0.272,2.275
13.760,0.267,2.278
13.770,0.256,2.280
13.780,0.246,2.283
13.790,0.241,2.285
13.800,0.241,2.288
13.810,0.246,2.290
13.820,0.251,2.293
13.830,0.251,2.295
13.840,0.241,2.298
13.850,0.241,2.300
13.860,0.231,2.302
13.870,0.220,2.305
13.880,0.210,2.307
13.890,0.210,2.309
13.900,0.210,2.311
13.910,0.220,2.313
13.920,0.231,2.315
13.930,0.231,2.318
13.940,0.231,2.320
13.950,0.220,2.322
13.960,0.215,2.324
13.970,0.210,2.326
13.980,0.210,2.329
13.990,0.215,2.331
14.000,0.231,2.333
14.010,0.231,2.335
14.020,0.231,2.338
14.030,0.220,2.340
14.040,0.215,2.342
14.050,0.210,2.344
14.060,0.195,2.346
14.070,0.190,2.348
14.080,0.185,2.350
14.090,0.195,2.352
14.100,0.205,2.354
14.110,0.210,2.356
14.120,0.205,2.358
14.130,0.200,2.360
14.140,0.190,2.362
14.150,0.180,2.364
14.160,0.180,2.365
14.170,0.180,2.367
14.180,0.185,2.369
14.190,0.195,2.371
14.200,0.205,2.373
14.210,0.205,2.375
14.220,0.200,2.377
14.230,0.205,2.379
14.240,0.200,2.381
14.250,0.200,2.383
14.260,0.185,2.385
14.270,0.180,2.387
14.280,0.180,2.389
14.290,0.185,2.391
14.300,0.190,2.392
14.310,0.195,2.394
14.320,0.200,2.396
14.330,0.200,2.398
14.340,0.190,2.400
14.350,0.180,2.402
14.360,0.185,2.404
14.370,0.190,2.406
14.380,0.190,2.408
14.390,0.190,2.410
14.400,0.190,2.412
14.410,0.195,2.413
14.420,0.195,2.415
14.430,0.185,2.417
14.440,0.166,2.419
14.450,0.146,2.420
14.460,0.141,2.422
14.470,0.151,2.423
14.480,0.161,2.425
14.490,0.170,2.427
14.500,0.170,2.428
14.510,0.166,2.430
14.520,0.166,2.432
14.530,0.170,2.433
14.540,0.190,2.435
14.550,0.205,2.437
14.560,0.205,2.439
14.570,0.200,2.441
14.580,0.195,2.443
14.590,0.190,2.445
14.600,0.175,2.447
14.610,0.161,2.449
14.620,0.146,2.450
14.630,0.146,2.451
14.640,0.156,2.453
14.650,0.175,2.455
14.660,0.175,2.457
14.670,0.175,2.458
14.680,0.166,2.460
14.690,0.156,2.462
14.700,0.156,2.463
14.710,0.156,2.465
14.720,0.156,2.466
14.730,0.156,2.468
14.740,0.156,2.469
14.750,0.161,2.471
14.760,0.175,2.473
14.770,0.175,2.474
14.780,0.175,2.476
14.790,0.156,2.478
14.800,0.161,2.479
14.810,0.170,2.481
14.820,0.175,2.483
14.830,0.175,2.485
14.840,0.170,2.486
14.850,0.156,2.488
14.860,0.146,2.489
14.870,0.146,2.491
14.880,0.151,2.492
14.890,0.151,2.494
14.900,0.156,2.495
14.910,0.170,2.497
14.920,0.185,2.499
14.930,0.180,2.501
14.940,0.175,2.502
14.950,0.170,2.504
14.960,0.161,2.506
14.970,0.151,2.507
14.980,0.136,2.509
14.990,0.132,2.510
15.000,0.122,2.511
15.010,0.117,2.512
15.020,0.117,2.513
15.030,0.127,2.515
15.040,0.136,2.516
15.050,0.146,2.518
15.060,0.156,2.519
15.070,0.151,2.521
15.080,0.141,2.522
15.090,0.136,2.523
15.100,0.136,2.525
15.110,0.136,2.526
15.120,0.136,2.528
15.130,0.136,2.529
15.140,0.127,2.530
15.150,0.122,2.531
15.160,0.108,2.532
15.170,0.108,2.534
15.180,0.113,2.535
15.190,0.122,2.536
15.200,0.122,2.537
15.210,0.127,2.538
15.220,0.136,2.540
15.230,0.136,2.541
15.240,0.136,2.542
15.250,0.122,2.544
15.260,0.103,2.545
15.270,0.094,2.546
15.280,0.089,2.547
15.290,0.098,2.548
15.300,0.117,2.549
15.310,0.132,2.550
15.320,0.136,2.551
15.330,0.127,2.553
15.340,0.122,2.554
15.350,0.117,2.555
15.360,0.117,2.556
15.370,0.127,2.558
15.380,0.132,2.559
15.390,0.127,2.560
15.400,0.127,2.561
15.410,0.122,2.563
15.420,0.113,2.564
15.430,0.108,2.565
15.440,0.108,2.566
15.450,0.108,2.567
15.460,0.117,2.568
15.470,0.117,2.569
15.480,0.108,2.570
15.490,0.103,2.571
15.500,0.108,2.573
15.510,0.113,2.574
15.520,0.122,2.575
15.530,0.127,2.576
15.540,0.132,2.577
15.550,0.141,2.579
15.560,0.141,2.580
15.570,0.141,2.582
15.580,0.141,2.583
15.590,0.141,2.585
15.600,0.141,2.586
15.610,0.127,2.587
15.620,0.117,2.588
15.630,0.117,2.590
15.640,0.108,2.591
15.650,0.098,2.592
15.660,0.098,2.593
15.670,0.089,2.594
15.680,0.084,2.594
15.690,0.084,2.595
15.700,0.094,2.596
15.710,0.108,2.597
15.720,0.103,2.598
15.730,0.084,2.599
15.740,0.050,2.600
15.750,0.035,2.600
15.760,0.020,2.600
15.770,0.010,2.600
15.780,0.025,2.600
15.790,0.046,2.601
15.800,0.070,2.602
15.810,0.084,2.602
15.820,0.084,2.603
15.830,0.084,2.604
15.840,0.084,2.605
15.850,0.089,2.606
15.860,0.094,2.607
15.870,0.103,2.608
15.880,0.108,2.609
15.890,0.103,2.610
15.900,0.098,2.611
15.910,0.094,2.612
15.920,0.094,2.613
15.930,0.099,2.614
15.940,0.089,2.615
15.950,0.084,2.616
15.960,0.079,2.616
15.970,0.070,2.617
15.980,0.065,2.618
15.990,0.075,2.618
16.000,0.084,2.619
16.010,0.084,2.620
16.020,0.084,2.621
16.030,0.079,2.622
16.040,0.065,2.622
16.050,0.046,2.623
16.060,0.035,2.623
16.070,0.020,2.623
16.080,0.010,2.624
16.090,0.010,2.624
16.100,0.010,2.624
16.110,0.010,2.624
16.120,0.000,2.624
16.130,-0.011,2.624
16.140,-0.027,2.623
16.150,-0.033,2.623
16.160,-0.057,2.623
16.170,-0.063,2.622
16.180,-0.068,2.621
16.190,-0.084,2.620
16.200,-0.122,2.619
16.210,-0.216,2.617
16.220,-0.377,2.613
16.230,-0.586,2.607
16.240,-0.798,2.599
16.250,-0.952,2.590
16.260,-1.102,2.579
16.270,-1.259,2.566
16.280,-1.440,2.552
16.290,-1.615,2.536
16.300,-1.796,2.518
16.310,-1.939,2.498
16.320,-2.033,2.478
16.330,-2.110,2.457
16.340,-2.176,2.435
16.350,-2.227,2.413
16.360,-2.283,2.390
16.370,-2.355,2.367
16.380,-2.434,2.342
16.390,-2.448,2.318
16.400,-2.412,2.294
16.410,-2.416,2.269
16.420,-2.434,2.245
16.430,-2.479,2.220
16.440,-2.580,2.194
16.450,-2.721,2.167
16.460,-2.815,2.139
16.470,-2.858,2.111
16.480,-2.898,2.082
16.490,-2.913,2.052
16.500,-2.934,2.023
16.510,-3.082,1.992
16.520,-3.422,1.958
16.530,-3.954,1.919
16.540,-4.747,1.871
16.550,-5.630,1.815
16.560,-6.380,1.751
16.570,-6.935,1.682
16.580,-7.429,1.607
16.590,-7.776,1.530
16.600,-7.936,1.450
16.610,-8.119,1.369
16.620,-8.350,1.286
16.630,-8.480,1.201
16.640,-8.593,1.115
16.650,-8.781,1.027
16.660,-9.019,0.937
16.670,-9.156,0.845
16.680,-9.287,0.752
16.690,-9.358,0.659
16.700,-9.411,0.565
16.710,-9.580,0.469
16.720,-9.671,0.372
16.730,-9.619,0.276
16.740,-9.575,0.180
16.750,-9.569,0.085
16.760,-9.480,-0.010
16.770,-9.353,-0.104
16.780,-9.327,-0.197
16.790,-9.315,-0.290
16.800,-9.293,-0.383
16.810,-9.280,-0.476
16.820,-9.233,-0.568
16.830,-9.215,-0.660
16.840,-9.182,-0.752
16.850,-9.098,-0.843
16.860,-8.977,-0.933
16.870,-8.687,-1.020
16.880,-8.497,-1.105
16.890,-8.334,-1.188
16.900,-8.182,-1.270
16.910,-8.018,-1.350
16.920,-7.894,-1.429
16.930,-7.758,-1.507
16.940,-7.531,-1.582
16.950,-7.407,-1.656
16.960,-7.281,-1.729
16.970,-7.054,-1.799
16.980,-6.920,-1.869
16.990,-6.750,-1.936
17.000,-6.445,-2.001
17.010,-6.156,-2.062
17.020,-5.984,-2.122
17.030,-5.754,-2.180
17.040,-5.469,-2.234
17.050,-5.204,-2.286
17.060,-4.877,-2.335
17.070,-4.521,-2.380
17.080,-4.149,-2.422
17.090,-3.809,-2.460
17.100,-3.458,-2.494
17.110,-3.034,-2.525
17.120,-2.558,-2.550
17.130,-2.076,-2.571
17.140,-1.575,-2.587
17.150,-1.067,-2.598
17.160,-0.597,-2.603
17.170,-0.119,-2.605
17.180,0.366,-2.601
17.190,0.800,-2.593
17.200,0.988,-2.583
17.210,0.982,-2.573
17.220,0.916,-2.564
17.230,0.910,-2.555
17.240,0.905,-2.546
17.250,0.856,-2.537
17.260,0.739,-2.530
17.270,0.537,-2.525
17.280,0.303,-2.522
17.290,0.170,-2.520
17.300,0.128,-2.519
17.310,0.133,-2.517
17.320,0.144,-2.516
17.330,0.154,-2.514
17.340,0.165,-2.513
17.350,0.170,-2.511
17.360,0.170,-2.509
17.370,0.170,-2.508
17.380,0.159,-2.506
17.390,0.154,-2.504
17.400,0.133,-2.503
17.410,0.102,-2.502
17.420,0.076,-2.501
17.430,0.055,-2.501
17.440,0.055,-2.500
17.450,0.060,-2.500
17.460,0.065,-2.499
17.470,0.065,-2.498
17.480,0.071,-2.498
17.490,0.060,-2.497
17.500,0.060,-2.496
17.510,0.065,-2.496
17.520,0.065,-2.495
17.530,0.065,-2.494
17.540,0.065,-2.494
17.550,0.065,-2.493
17.560,0.065,-2.493
17.570,0.060,-2.492
17.580,0.060,-2.491
17.590,0.050,-2.491
17.600,0.039,-2.490
17.610,0.022,-2.490
17.620,0.000,-2.490
17.630,0.000,-2.490
17.640,-0.037,-2.491
17.650,-0.040,-2.491
17.660,-0.037,-2.491
17.670,-0.027,-2.492
17.680,0.000,-2.492
17.690,0.000,-2.492
17.700,0.000,-2.492
17.710,0.022,-2.491
17.720,0.027,-2.491
17.730,0.027,-2.491
17.740,0.033,-2.491
17.750,0.039,-2.490
17.760,0.039,-2.490
17.770,0.039,-2.489
17.780,0.044,-2.489
17.790,0.050,-2.488
17.800,0.055,-2.488
17.810,0.060,-2.487
17.820,0.060,-2.487
17.830,0.065,-2.486
17.840,0.071,-2.485
17.850,0.071,-2.485
17.860,0.071,-2.484
17.870,0.071,-2.483
17.880,0.060,-2.483
17.890,0.060,-2.482
17.900,0.066,-2.481
17.910,0.071,-2.481
17.920,0.071,-2.480
17.930,0.066,-2.479
17.940,0.071,-2.479
17.950,0.076,-2.478
17.960,0.086,-2.477
17.970,0.092,-2.476
17.980,0.107,-2.475
17.990,0.113,-2.474
18.000,0.133,-2.472
18.010,0.159,-2.471
18.020,0.175,-2.469
18.030,0.191,-2.467
18.040,0.202,-2.465
